0 0.313281 0.501389 0.048438 0.186111
0 0.479427 0.466667 0.071354 0.222222
0 0.584115 0.522222 0.075521 0.285185
0 0.642188 0.525000 0.042708 0.203704
0 0.658594 0.887500 0.086979 0.225000
0 0.525521 0.893519 0.063542 0.212963
0 0.531250 0.685648 0.062500 0.202778
0 0.566406 0.860185 0.026562 0.187037
0 0.463802 0.868519 0.055729 0.257407
0 0.371354 0.864815 0.107292 0.270370
0 0.586198 0.206481 0.043229 0.222222
0 0.629427 0.184722 0.036979 0.171296
0 0.673698 0.270370 0.050521 0.246296
0 0.414323 0.173611 0.085938 0.171296
