0 0.312240 0.500926 0.048438 0.181481
0 0.479167 0.472222 0.070833 0.212963
0 0.412760 0.174074 0.088021 0.177778
0 0.587760 0.204630 0.043229 0.224074
0 0.629948 0.179167 0.038021 0.163889
0 0.672396 0.272685 0.048958 0.245370
0 0.586458 0.517593 0.078125 0.290741
0 0.642188 0.523148 0.042708 0.201852
0 0.659375 0.885648 0.085417 0.225000
0 0.528646 0.685185 0.061458 0.200000
0 0.371094 0.862963 0.107813 0.274074
0 0.460417 0.871296 0.053125 0.257407
0 0.525781 0.890278 0.059896 0.219444
0 0.565885 0.861574 0.027604 0.191667
