0 0.609896 0.356944 0.060417 0.208333
0 0.650260 0.749074 0.101562 0.257407
0 0.564844 0.694907 0.065104 0.175000
0 0.529427 0.536111 0.050521 0.216667
0 0.425521 0.383796 0.060417 0.184259
0 0.458594 0.512500 0.035937 0.195370
0 0.357031 0.561574 0.038021 0.230556
0 0.410938 0.692130 0.055208 0.215741
0 0.363281 0.821759 0.111979 0.184259
0 0.307031 0.452315 0.063021 0.265741
0 0.350260 0.181944 0.086979 0.262037
0 0.559115 0.149537 0.060937 0.208333
0 0.497135 0.125926 0.053646 0.187037
0 0.430990 0.133796 0.063021 0.204630
