0 0.333073 0.099537 0.097396 0.197222
0 0.377865 0.206481 0.046354 0.164815
0 0.450521 0.120833 0.057292 0.152778
0 0.519792 0.210648 0.085417 0.217593
0 0.591667 0.107407 0.065625 0.205556
0 0.474219 0.337963 0.028646 0.250000
0 0.394271 0.353241 0.027083 0.204630
0 0.338021 0.525000 0.066667 0.233333
0 0.273177 0.734722 0.065104 0.260185
0 0.422396 0.847685 0.117708 0.295370
0 0.522917 0.649537 0.076042 0.247222
0 0.605990 0.794907 0.078646 0.247222
0 0.666146 0.598148 0.113542 0.316667
0 0.341406 0.931481 0.070312 0.137037
0 0.653385 0.068519 0.072396 0.133333
